300,0,0
301,0,0
302,0,0
303,0,0
304,0,0
305,0,0
306,0,0
307,0,0
308,0,0
309,0,0
310,0,0
311,0,0
312,0,0
313,0,0
314,0,0
315,0,0
316,0,0
317,0,0
318,0,0
319,0,0
320,0,0
321,0,0
322,0,0
323,0,0
324,0,0
325,0,0
326,0,0
327,0,0
328,0,0
329,0,0
330,0,0
331,0,0
332,0,0
333,0,0
334,0,0
335,0,0
336,0,0
337,0,0
338,0,0
339,0,0
340,0,0
341,0,0
342,0,0
343,0,0
344,0,0
345,0,0
346,0,0
347,0,0
348,0,0
349,0,0
350,0,0
351,0,0
352,0,0
353,0,0
354,0,0
355,0,0
356,0,0
357,0,0
358,0,0
359,0,0
360,0,0
361,0,0
362,0,0
363,0,0
364,0,0
365,0,0
366,0,0
367,0,0
368,0,0
369,0,0
370,0,0
371,0,0
372,0,0
373,0,0
374,0,0
375,0,0
376,0,0
377,0,0
378,0,0
379,0,0
380,0,0
381,0,0
382,0,0
383,0,0
384,0,0
385,0,0
386,0,0
387,0,0
388,0,0
389,0,0
390,0,0
391,0,0
392,0,0
393,0,0
394,0,0
395,0,0
396,0,0
397,0,0
398,0,0
399,0,0
400,0,0
401,0,0
402,2.29,0
403,2.37,0
404,2.42,0
405,2.47,0
406,2.55,0
407,2.64,0
408,2.79,0
409,2.92,0
410,3.04,0
411,3.18,0
412,3.33,0
413,3.48,0
414,3.64,0
415,3.82,0
416,4.02,0
417,4.27,0
418,4.49,0
419,4.68,0
420,4.9,0
421,5.15,0
422,5.41,0
423,5.69,0
424,5.94,0
425,6.19,0
426,6.55,0
427,6.93,0
428,7.34,0
429,7.78,0
430,8.25,0
431,8.72,0
432,9.19,0
433,9.75,0
434,10.33,0
435,10.85,0
436,11.38,0
437,12.04,0
438,12.72,0
439,13.42,0
440,14.07,0
441,14.7,0
442,15.3,0
443,16.02,0
444,17.14,0
445,17.99,0
446,18.83,0
447,19.71,0
448,20.63,0
449,21.65,0
450,22.79,0
451,24.03,0
452,25.29,0
453,26.58,0
454,27.9,0
455,29.44,0
456,31.4,0
457,33.54,0
458,34.92,0
459,36.7,0
460,37.98,0
461,39.44,0
462,40.91,0
463,42.45,0
464,43.84,0
465,45.47,0
466,47.5,0
467,49.19,0
468,50.34,0
469,52.06,0.15
470,53.59,0.12
471,54.67,0.1
472,55.68,0.1
473,56.95,0.08
474,58.17,0.06
475,59.65,0.09
476,60.61,0.14
477,61.56,0.21
478,62.91,0.27
479,64.84,0.35
480,67.33,0.44
481,70.2,0.57
482,72.4,0.72
483,74.13,0.94
484,75.8,1.29
485,77.95,1.7
486,79.98,2.14
487,82.16,2.58
488,84.82,3.22
489,87.05,3.94
490,89.2,4.88
491,90.92,5.98
492,93.18,7.28
493,95.2,9.32
494,97.19,10.9
495,98.83,13.14
496,99.73,15.51
497,100,18.67
498,99.84,21.54
499,99.01,26.5
500,97.96,31.75
501,96.68,35.72
502,94.34,43.14
503,90.12,48.68
504,87.2,55.65
505,81.87,61.75
506,77.16,68.03
507,69.23,74.5
508,65.28,80.89
509,58.64,87.62
510,53.13,93.23
511,45.79,96.09
512,43.12,98.21
513,34.84,99.49
514,32.26,100
515,27.03,99.12
516,22.8,97.6
517,19.16,94.32
518,14.87,90.75
519,12.57,86.3
520,10.08,82.21
521,8,77.19
522,6.7,73.35
523,5.4,68.86
524,4.09,64.11
525,3.1,60.58
526,2.37,57.36
527,1.83,54.81
528,1.35,51.53
529,1.12,48.42
530,0.92,45.62
531,0.78,44
532,0.62,42.04
533,0.42,40.22
534,0.29,38.63
535,0.22,37.18
536,0.19,36.06
537,0.19,34.87
538,0.14,33.66
539,0.08,32.6
540,0.08,31.68
541,0.08,30.83
542,0.08,30.04
543,0.08,29.33
544,0.08,28.71
545,0.08,28.22
546,0.08,27.64
547,0.08,27.02
548,0.08,26.47
549,0,25.92
550,0,25.22
551,0,24.5
552,0,23.68
553,0,22.84
554,0,22
555,0,21.22
556,0,20.25
557,0,19.2
558,0,18.33
559,0,17.48
560,0,16.62
561,0,15.75
562,0,14.93
563,0,14.06
564,0,13.15
565,0,12.44
566,0,11.79
567,0,11.23
568,0,10.69
569,0,10.16
570,0,9.57
571,0,8.9
572,0,8.41
573,0,8.01
574,0,7.6
575,0,7.19
576,0,6.8
577,0,6.42
578,0,6.1
579,0,5.77
580,0,5.43
581,0,5.13
582,0,4.88
583,0,4.67
584,0,4.48
585,0,4.28
586,0,4.08
587,0,3.9
588,0,3.72
589,0,3.57
590,0,3.41
591,0,3.23
592,0,3.12
593,0,3.05
594,0,2.91
595,0,2.75
596,0,2.64
597,0,2.52
598,0,2.41
599,0,2.29
600,0,2.15
601,0,2.03
602,0,1.95
603,0,1.87
604,0,1.8
605,0,1.72
606,0,1.64
607,0,1.54
608,0,1.44
609,0,1.37
610,0,1.31
611,0,1.25
612,0,1.19
613,0,1.12
614,0,1.01
615,0,0.87
616,0,0.74
617,0,0.67
618,0,0.62
619,0,0.58
620,0,0.54
621,0,0.53
622,0,0.51
623,0,0.45
624,0,0.41
625,0,0.41
626,0,0.38
627,0,0.33
628,0,0.26
629,0,0.17
630,0,0.12
631,0,0.09
632,0,0.09
633,0,0.08
634,0,0.04
635,0,0.02
636,0,0
637,0,0
638,0,0
639,0,0
640,0,0
641,0,0
642,0,0
643,0,0
644,0,0
645,0,0
646,0,0
647,0,0
648,0,0
649,0,0
650,0,0
651,0,0
652,0,0
653,0,0
654,0,0
655,0,0
656,0,0
657,0,0
658,0,0
659,0,0
660,0,0
661,0,0
662,0,0
663,0,0
664,0,0
665,0,0
666,0,0
667,0,0
668,0,0
669,0,0
670,0,0
671,0,0
672,0,0
673,0,0
674,0,0
675,0,0
676,0,0
677,0,0
678,0,0
679,0,0
680,0,0
681,0,0
682,0,0
683,0,0
684,0,0
685,0,0
686,0,0
687,0,0
688,0,0
689,0,0
690,0,0
691,0,0
692,0,0
693,0,0
694,0,0
695,0,0
696,0,0
697,0,0
698,0,0
699,0,0
700,0,0
701,0,0
702,0,0
703,0,0
704,0,0
705,0,0
706,0,0
707,0,0
708,0,0
709,0,0
710,0,0
711,0,0
712,0,0
713,0,0
714,0,0
715,0,0
716,0,0
717,0,0
718,0,0
719,0,0
720,0,0
721,0,0
722,0,0
723,0,0
724,0,0
725,0,0
726,0,0
727,0,0
728,0,0
729,0,0
730,0,0
731,0,0
732,0,0
733,0,0
734,0,0
735,0,0
736,0,0
737,0,0
738,0,0
739,0,0
740,0,0
741,0,0
742,0,0
743,0,0
744,0,0
745,0,0
746,0,0
747,0,0
748,0,0
749,0,0
750,0,0
751,0,0
752,0,0
753,0,0
754,0,0
755,0,0
756,0,0
757,0,0
758,0,0
759,0,0
760,0,0
761,0,0
762,0,0
763,0,0
764,0,0
765,0,0
766,0,0
767,0,0
768,0,0
769,0,0
770,0,0
771,0,0
772,0,0
773,0,0
774,0,0
775,0,0
776,0,0
777,0,0
778,0,0
779,0,0
780,0,0
781,0,0
782,0,0
783,0,0
784,0,0
785,0,0
786,0,0
787,0,0
788,0,0
789,0,0
790,0,0
791,0,0
792,0,0
793,0,0
794,0,0
795,0,0
796,0,0
797,0,0
798,0,0
799,0,0
800,0,0
801,0,0
802,0,0
803,0,0
804,0,0
805,0,0
806,0,0
807,0,0
808,0,0
809,0,0
810,0,0
811,0,0
812,0,0
813,0,0
814,0,0
815,0,0
816,0,0
817,0,0
818,0,0
819,0,0
820,0,0
821,0,0
822,0,0
823,0,0
824,0,0
825,0,0
826,0,0
827,0,0
828,0,0
829,0,0
830,0,0
831,0,0
832,0,0
833,0,0
834,0,0
835,0,0
836,0,0
837,0,0
838,0,0
839,0,0
840,0,0
841,0,0
842,0,0
843,0,0
844,0,0
845,0,0
846,0,0
847,0,0
848,0,0
849,0,0
850,0,0
851,0,0
852,0,0
853,0,0
854,0,0
855,0,0
856,0,0
857,0,0
858,0,0
859,0,0
860,0,0
861,0,0
862,0,0
863,0,0
864,0,0
865,0,0
866,0,0
867,0,0
868,0,0
869,0,0
870,0,0
871,0,0
872,0,0
873,0,0
874,0,0
875,0,0
876,0,0
877,0,0
878,0,0
879,0,0
880,0,0
881,0,0
882,0,0
883,0,0
884,0,0
885,0,0
886,0,0
887,0,0
888,0,0
889,0,0
890,0,0
891,0,0
892,0,0
893,0,0
894,0,0
895,0,0
896,0,0
897,0,0
898,0,0
899,0,0
900,0,0
901,0,0
902,0,0
903,0,0
904,0,0
905,0,0
906,0,0
907,0,0
908,0,0
909,0,0
910,0,0
911,0,0
912,0,0
913,0,0
914,0,0
915,0,0
916,0,0
917,0,0
918,0,0
919,0,0
920,0,0
921,0,0
922,0,0
923,0,0
924,0,0
925,0,0
926,0,0
927,0,0
928,0,0
929,0,0
930,0,0
931,0,0
932,0,0
933,0,0
934,0,0
935,0,0
936,0,0
937,0,0
938,0,0
939,0,0
940,0,0
941,0,0
942,0,0
943,0,0
944,0,0
945,0,0
946,0,0
947,0,0
948,0,0
949,0,0
