0
0
0
0
0
0
0
0
0
0
0
0
0
0
0
0
0
0
0
0
0
0
0
0
0
0
0
0
0
0
0
0
0
0
0
0
0
0
0
0
0
0
0
0
0
0
0
0
0
0
0
0
0
0
0
0
0
0
0
0
0
0
0
0
0
0
0
0
0
0
0
0
0
0
0
0
0
0
0
0
0
0
0
0
0
0
0
0
0
0
0
0
0
0
0
0
0
0
0
0
0
0
0
0
0
0
0
0
0
0
0
0
0
0
0
0
0
0
0
0
0
0
0
0
0
0
0
0
0
0
0
0
0
0
0
0
0
0
0
0
0
0
0
0
0
0
0
0
0
0
0
0
0
0
0
0
0
0
0
0
0
0
0
0
0
0
0
0
0
0
0
0
0
0
0
0
0
0
0
0
0
0
0
0
0
0
0
0
0
0
0
0
0
0
0
0
0
0
0
0
0
0
0
0
0
0
0
0
0
0
0
0
0
0
0
0
0
0
0
0
0
0
0
0
0
0
0
0
0
0
0
0
0
0
0
0
0
0
0
0
0
0
0
0
0
0
0
0
0
0
0
0
0
0
0
0
0
0
0
0
0
0
0
0
0
0
0
0
0
0
0
0
0
0
0
0
0
0
0
0
0
0
0
0
0
0
0
0
0
0
0
0
0
0
0
0
0
0
0
0
0
0
0
0
0
0
0
0
0
0
0
0
0
0
0
0
0
0
0
0
0
0
0
0
0
0
0
0
0
0
0
0
0
0
0
0
0
0
0
0
0
0
0
0
0
0
0
0
0
0
0
0
0
0
0
0
0
0
0
0
0
0
0
0
0
0
0
0
0
0
0
0
0
0
0
0
0
0
0
0
0
0
0
0
0
0
0
0
0
0
0
0
0
0
0
0
0
0
0
0
0
0
0
0
0
0
0
0
0
0
0
0
0
0
0
0
0
0
0
0
0
0
0
0
0
0
0
0
0
0
0
0
0
0
0
0
0
0
0
0
0
0
0
0
0
0
0
0
0
0
0
0
0
0
0
0
0
0
0
0
0
0
0
0
0
0
0
0
0
0
0
0
0
0
0
0
0
0
0
0
0
0
0
0
0
0
0
0
0
0
0
0
0
0
0
0
0
0
0
0
0
0.0623
0.2023
0.3891
0.6148
0.8716
1.1517
1.4552
1.7821
2.1323
2.5058
2.8949
3.2996
3.7276
4.1711
4.6303
5.105
5.5875
6.0855
6.5369
6.9182
7.2684
7.5952
7.8987
8.1866
8.4668
8.7314
8.9882
9.2294
9.4629
9.6886
9.9065
10.117
10.319
10.514
10.708
10.895
11.074
11.253
11.424
11.587
11.751
11.914
12.07
12.226
12.373
12.521
12.661
12.801
12.934
13.066
13.198
13.323
13.447
13.572
13.688
13.805
13.922
14.039
14.148
14.257
14.358
14.459
14.56
14.653
14.755
14.848
14.941
15.035
15.12
15.214
15.299
15.385
15.471
15.556
15.634
15.704
15.782
15.852
15.93
16
16.07
16.14
16.202
16.272
16.334
16.389
16.451
16.506
16.56
16.614
16.669
16.716
16.77
16.825
16.871
16.926
16.973
17.019
17.058
17.105
17.151
17.19
17.229
17.268
17.307
17.346
17.385
17.416
17.447
17.478
17.509
17.541
17.572
17.595
17.618
17.642
17.665
17.681
17.696
17.712
17.735
17.759
17.774
17.79
17.805
17.821
17.836
17.852
17.86
17.867
17.875
17.883
17.891
17.899
17.906
17.914
17.914
17.914
17.906
17.899
17.891
17.883
17.875
17.867
17.86
17.852
17.836
17.821
17.805
17.79
17.774
17.759
17.735
17.712
17.696
17.681
17.665
17.642
17.618
17.595
17.572
17.541
17.509
17.478
17.447
17.416
17.385
17.346
17.307
17.268
17.229
17.19
17.151
17.105
17.058
17.019
16.973
16.926
16.871
16.825
16.77
16.716
16.669
16.614
16.56
16.506
16.451
16.389
16.334
16.272
16.202
16.14
16.07
16
15.93
15.852
15.782
15.704
15.634
15.556
15.471
15.385
15.299
15.214
15.12
15.035
14.941
14.848
14.755
14.653
14.56
14.459
14.358
14.257
14.148
14.039
13.922
13.805
13.688
13.572
13.447
13.323
13.198
13.066
12.934
12.801
12.661
12.521
12.373
12.226
12.07
11.914
11.751
11.587
11.424
11.253
11.074
10.895
10.708
10.514
10.319
10.117
9.9065
9.6886
9.4629
9.2294
8.9882
8.7314
8.4668
8.1866
7.8987
7.5952
7.2684
6.9182
6.5369
6.0855
5.5875
5.105
4.6303
4.1711
3.7276
3.2996
2.8949
2.5058
2.1323
1.7821
1.4552
1.1517
0.8716
0.6148
0.3891
0.2023
0.0623
0
0
0
0
0
0
0
0
0
0
0
0
0
0
0
0
0
0
0
0
0
0
0
0
0
0
0
0
0
0
0
0
0
0
0
0
0
0
0
0
0
0
0
0
0
0
0
0
0
0
0
0
0
0
0
0
0
0
0
0
0
0
0
0
0
0
0
0
0
0
0
0
0
0
0
0
0
0
0
0
0
0
0
0
0
0
0
0
0
0
0
0
0
0
0
0
0
0
0
0
0
0
0
0
0
0
0
0
0
0
0
0
0
0
0
0
0
0
0
0
0
0
0
0
0
0
0
0
0
0
0
0
0
0
0
0
0
0
0
0
0
0
0
0
0
0
0
0
0
0
0
0
0
0
0
0
0
0
0
0
0
0
0
0
0
0
0
0
0
0
0
0
0
0
0
0
0
0
0
0
0
0
0
0
0
0
0
0
0
0
0
0
0
0
0
0
0
0
0
0
0
0
0
0
0
0
0
0
0
0
0
0
0
0
0
0
0
0
0
0
0
0
0
0
0
0
0
0
0
0
0
0
0
0
0
0
0
0
0
0
0
0
0
0
0
0
0
0
0
0
0
0
0
0
0
0
0
0
0
0
0
0
0
0
0
0
0
0
0
0
0
0
0
0
0
0
0
0
0
0
0
0
0
0
0
0
0
0
0
0
0
0
0
0
0
0
0
0
0
0
0
0
0
0
0
0
0
0
0
0
0
0
0
0
0
0
0
0
0
0
0
0
0
0
0
0
0
0
0
0
0
0
0
0
0
0
0
0
0
0
0
0
0
0
0
0
0
0
0
0
0
0
0
0
0
0
0
0
0
0
0
0
0
0
0
0
0
0
0
0
0
0
0
0
0
0
0
0
0
0
0
0
0
0
0
0
0
0
0
0
0
0
0
0
0
0
0
0
0
0
0
0
0
0
0
0
0
0
0
0
0
0
0
0
0
0
0
0
0
0
0
0
0
0
0
0
0
0
0
0
0
0
0
0
0
0
0
0
0
0
0
0
0
0
0
0
0
0
0
0
0
0
0
0
0
0
0
0
0
0
0
0
0
0
0
0
0
0
0
0
0
0
0
0
0
0
0
0
0
0
0
0
0
0
0
0
0
0
0
0
0
0
0
0
0
0
0
0
0
0
0
0
0
0
0
0
0
0
0
0
0
0
0
0
0
0
0
0
0
0
0
0
0
0
0
0
0
0
0
0
0
0
0
0
0
0
0
0
0
0
0
0
0
0
0
0
0
0
0
0
0
0
0
0
0
0
0
0
0
0
0
0
0
0
0
0
0
0
0
0
0
0
0
0
0
0
0
0
0
0
0
0
0
0
0
0
0
0
0
0
0
0
0
0
0
0
0
0
0
0
0
0
0
0
0
0
0
0
0
0
0
0
0
0
0
0
0
0
0
0
0
0
0
0
0
0
0
0
0
0
0
0
0
0
0
0
0
0
0
0
0
0
0
0
0
0
0
0
0
0
0
0
0
0
0
0
0
0
0
0
0
0
0
0
0
0
0
0
0
0
0
0
0
0
0
0
0
0
0
0
0
0
0
0
0
0
0
0
0
0
0
0
0
0
0
0
0
0
0
0
0
0
0
0
0
0
0
0
0
0
0
0
0
0
0
0
0
0
0
0
0
0
0
0
0
0
0
0.0623
0.2023
0.3891
0.6148
0.8716
1.1517
1.4552
1.7821
2.1323
2.5058
2.8949
3.2996
3.7276
4.1711
4.6303
5.105
5.5875
6.0855
6.5369
6.9182
7.2684
7.5952
7.8987
8.1866
8.4668
8.7314
8.9882
9.2294
9.4629
9.6886
9.9065
10.117
10.319
10.514
10.708
10.895
11.074
11.253
11.424
11.587
11.751
11.914
12.07
12.226
12.373
12.521
12.661
12.801
12.934
13.066
13.198
13.323
13.447
13.572
13.688
13.805
13.922
14.039
14.148
14.257
14.358
14.459
14.56
14.653
14.755
14.848
14.941
15.035
15.12
15.214
15.299
15.385
15.471
15.556
15.634
15.704
15.782
15.852
15.93
16
16.07
16.14
16.202
16.272
16.334
16.389
16.451
16.506
16.56
16.614
16.669
16.716
16.77
16.825
16.871
16.926
16.973
17.019
17.058
17.105
17.151
17.19
17.229
17.268
17.307
17.346
17.385
17.416
17.447
17.478
17.509
17.541
17.572
17.595
17.618
17.642
17.665
17.681
17.696
17.712
17.735
17.759
17.774
17.79
17.805
17.821
17.836
17.852
17.86
17.867
17.875
17.883
17.891
17.899
17.906
17.914
17.914
17.914
17.906
17.899
17.891
17.883
17.875
17.867
17.86
17.852
17.836
17.821
17.805
17.79
17.774
17.759
17.735
17.712
17.696
17.681
17.665
17.642
17.618
17.595
17.572
17.541
17.509
17.478
17.447
17.416
17.385
17.346
17.307
17.268
17.229
17.19
17.151
17.105
17.058
17.019
16.973
16.926
16.871
16.825
16.77
16.716
16.669
16.614
16.56
16.506
16.451
16.389
16.334
16.272
16.202
16.14
16.07
16
15.93
15.852
15.782
15.704
15.634
15.556
15.471
15.385
15.299
15.214
15.12
15.035
14.941
14.848
14.755
14.653
14.56
14.459
14.358
14.257
14.148
14.039
13.922
13.805
13.688
13.572
13.447
13.323
13.198
13.066
12.934
12.801
12.661
12.521
12.373
12.226
12.07
11.914
11.751
11.587
11.424
11.253
11.074
10.895
10.708
10.514
10.319
10.117
9.9065
9.6886
9.4629
9.2294
8.9882
8.7314
8.4668
8.1866
7.8987
7.5952
7.2684
6.9182
6.5369
6.0855
5.5875
5.105
4.6303
4.1711
3.7276
3.2996
2.8949
2.5058
2.1323
1.7821
1.4552
1.1517
0.8716
0.6148
0.3891
0.2023
0.0623
0
0
0
0
0
0
0
0
0
0
0
0
0
0
0
0
0
0
0
0
0
0
0
0
0
0
0
0
0
0
0
0
0
0
0
0
0
0
0
0
0
0
0
0
0
0
0
0
0
0
0
0
0
0
0
0
0
0
0
0
0
0
0
0
0
0
0
0
0
0
0
0
0
0
0
0
0
0
0
0
0
0
0
0
0
0
0
0
0
0
0
0
0
0
0
0
0
0
0
0
0
0
0
0
0
0
0
0
0
0
0
0
0
0
0
0
0
0
0
0
0
0
0
0
0
0
0
0
0
0
0
0
0
0
0
0
0
0
0
0
0
0
0
0
0
0
0
0
0
0
0
0
0
0
0
0
0
0
0
0
0
0
0
0
0
0
0
0
0
0
0
0
0
0
0
0
0
0
0
0
0
0
0
0
0
0
0
0
0
0
0
0
0
0
0
0
0
0
0
0
0
0
0
0
0
0
0
0
0
0
0
0
0
0
0
0
0
0
0
0
0
0
0
0
0
0
0
0
0
0
0
0
0
0
0
0
0
0
0
0
0
0
0
0
0
0
0
0
0
0
0
0
0
0
0
0
0
0
0
0
0
0
0
0
0
0
0
0
0
0
0
0
0
0
0
0
0
0
0
0
0
0
0
0
0
0
0
0
0
0
0
0
0
0
0
0
0
0
0
0
0
0
0
0
0
0
0
0
0
0
0
0
0
0
0
0
0
0
0
0
0
0
0
0
0
0
0
0
0
0
0
0
0
0
0
0
0
0
0
0
0
0
0
0
0
0
0
0
0
0
0
0
0
0
0
0
0
0
0
0
0
0
0
0
0
0
0
0
0
0
0
0
0
0
0
0
0
0
0
0
0
0
0
0
0
0
0
0
0
0
0
0
0
0
0
0
0
0
0
0
0
0
0
0
0
0
0
0
0
0
0
0
0
0
0
0
0
0
0
0
0
0
0
0
0
0
0
0
0
0
0
0
0
0
0
0
0
0
0
0
0
0
0
0
0
0
0
0
0
0
0
0
0
0
0
0
0
0
0
0
0
0
0
0
0
0
0
0
0
0
0
0
0
0
0
0
0
0
0
0
0
0
0
0
0
0
0
0
0
0
0
0
0
0
0
0
0
0
0
0
0
0
0
0
0
0
0
0
0
0
0
0
0
0
0
0
0
0
0
0
0
0
0
0
0
0
0
0
0
0
0
0
0
0
0
0
0
0
0
0
0
0
0
0
0
0
0
0
0
0
0
0
0
0
0
0
0
0
0
0
0
0
0
0
0
0
0
0
0
0
0
0
0
0
0
0
0
0
0
0
0
0
0
0
0
0
0
0
0
0
0
0
0
0
0
0
0
0
0
0
0
0
0
0
0
0
0
0
0
0
0
0
0
0
0
0
0
0
0
0
0
0
0
0
0
0
0
0
0
0
0
0
0
0
0
0
0
0
0
0
0
0
0
0
0
0
0
0
0
0
0
0
0
0
0
0
0
0
0
0
0
0
0
0
0
0
0
0
0
0
0
0
0
0
0
0
0
0
0
0
0
0
0
0
0
0
0
0
0
0
0
0
0
0
0
0
0
0
0
0
0
0
0
0
0
0
0
0
0
0
0
0
0
0
0
0
0
0
0
0
0
0
0
0
0
0
0
0.0623
0.2023
0.3891
0.6148
0.8716
1.1517
1.4552
1.7821
2.1323
2.5058
2.8949
3.2996
3.7276
4.1711
4.6303
5.105
5.5875
6.0855
6.5369
6.9182
7.2684
7.5952
7.8987
8.1866
8.4668
8.7314
8.9882
9.2294
9.4629
9.6886
9.9065
10.117
10.319
10.514
10.708
10.895
11.074
11.253
11.424
11.587
11.751
11.914
12.07
12.226
12.373
12.521
12.661
12.801
12.934
13.066
13.198
13.323
13.447
13.572
13.688
13.805
13.922
14.039
14.148
14.257
14.358
14.459
14.56
14.653
14.755
14.848
14.941
15.035
15.12
15.214
15.299
15.385
15.471
15.556
15.634
15.704
15.782
15.852
15.93
16
16.07
16.14
16.202
16.272
16.334
16.389
16.451
16.506
16.56
16.614
16.669
16.716
16.77
16.825
16.871
16.926
16.973
17.019
17.058
17.105
17.151
17.19
17.229
17.268
17.307
17.346
17.385
17.416
17.447
17.478
17.509
17.541
17.572
17.595
17.618
17.642
17.665
17.681
17.696
17.712
17.735
17.759
17.774
17.79
17.805
17.821
17.836
17.852
17.86
17.867
17.875
17.883
17.891
17.899
17.906
17.914
17.914
17.914
17.906
17.899
17.891
17.883
17.875
17.867
17.86
17.852
17.836
17.821
17.805
17.79
17.774
17.759
17.735
17.712
17.696
17.681
17.665
17.642
17.618
17.595
17.572
17.541
17.509
17.478
17.447
17.416
17.385
17.346
17.307
17.268
17.229
17.19
17.151
17.105
17.058
17.019
16.973
16.926
16.871
16.825
16.77
16.716
16.669
16.614
16.56
16.506
16.451
16.389
16.334
16.272
16.202
16.14
16.07
16
15.93
15.852
15.782
15.704
15.634
15.556
15.471
15.385
15.299
15.214
15.12
15.035
14.941
14.848
14.755
14.653
14.56
14.459
14.358
14.257
14.148
14.039
13.922
13.805
13.688
13.572
13.447
13.323
13.198
13.066
12.934
12.801
12.661
12.521
12.373
12.226
12.07
11.914
11.751
11.587
11.424
11.253
11.074
10.895
10.708
10.514
10.319
10.117
9.9065
9.6886
9.4629
9.2294
8.9882
8.7314
8.4668
8.1866
7.8987
7.5952
7.2684
6.9182
6.5369
6.0855
5.5875
5.105
4.6303
4.1711
3.7276
3.2996
2.8949
2.5058
2.1323
1.7821
1.4552
1.1517
0.8716
0.6148
0.3891
0.2023
0.0623
0
0
0
0
0
0
0
0
0
0
0
0
0
0
0
0
0
0
0
0
0
0
0
0
0
0
0
0
0
0
0
0
0
0
0
0
0
0
0
0
0
0
0
0
0
0
0
0
0
0
0
0
0
0
0
0
0
0
0
0
0
0
0
0
0
0
0
0
0
0
0
0
0
0
0
0
0
0
0
0
0
0
0
0
0
0
0
0
0
0
0
0
0
0
0
0
0
0
0
0
0
0
0
0
0
0
0
0
0
0
0
0
0
0
0
0
0
0
0
0
0
0
0
0
0
0
0
0
0
0
0
0
0
0
0
0
0
0
0
0
0
0
0
0
0
0
0
0
0
0
0
0
0
0
0
0
0
0
0
0
0
0
0
0
0
0
0
0
0
0
0
0
0
0
0
0
0
0
0
0
0
0
0
0
0
0
0
0
0
0
0
0
0
0
0
0
0
0
0
0
0
0
0
0
0
0
0
0
0
0
0
0
0
0
0
0
0
0
0
0
0
0
0
0
0
0
0
0
0
0
0
0
0
0
0
0
0
0
0
0
0
0
0
0
0
0
0
0
0
0
0
0
0
0
0
0
0
0
0
0
0
0
0
0
0
0
0
0
0
0
0
0
0
0
0
0
0
0
0
0
0
0
0
0
0
0
0
0
0
0
0
0
0
0
0
0
0
0
0
0
0
0
0
0
0
0
0
0
0
0
0
0
0
0
0
0
0
0
0
0
0
0
0
0
0
0
0
0
0
0
0
0
0
0
0
0
0
0
0
0
0
0
0
0
0
0
0
0
0
0
0
0
0
0
0
0
0
0
0
0
0
0
0
0
0
0
0
0
0
0
0
0
0
0
0
0
0
0
0
0
0
0
0
0
0
0
0
0
0
0
0
0
0
0
0
0
0
0
0
0
0
0
0
0
0
0
0
0
0
0
0
0
0
0
0
0
0
0
0
0
0
0
0
0
0
0
0
0
0
0
0
0
0
0
0
0
0
0
0
0
0
0
0
0
0
0
0
0
0
0
0
0
0
0
0
0
0
0
0
0
0
0
0
0
0
0
0
0
0
0
0
0
0
0
0
0
0
0
0
0
0
0
0
0
0
0
0
0
0
0
0
0
0
0
0
0
0
0
0
0
0
0
0
0
0
0
0
0
0
0
0
0
0
0
0
0
0
0
0
0
0
0
0
0
0
0
0
0
0
0
0
0
0
0
0
0
0
0
0
0
0
0
0
0
0
0
0
0
0
0
0
0
0
0
0
0
0
0
0
0
0
0
0
0
0
0
0
0
0
0
0
0
0
0
0
0
0
0
0
0
0
0
0
0
0
0
0
0
0
0
0
0
0
0
0
0
0
0
0
0
0
0
0
0
0
0
0
0
0
0
0
0
0
0
0
0
0
0
0
0
0
0
0
0
0
0
0
0
0
0
0
0
0
0
0
0
0
0
0
0
0
0
0
0
0
0
0
0
0
0
0
0
0
0
0
0
0
0
0
0
0
0
0
0
0
0
0
0
0
0
0
0
0
0
0
0
0
0
0
0
0
0
0
0
0
0
0
0
0
0
0
0
0
0
0
0
0
0
0
0
0
0
0
0
0
0
0
0
0
0
0
0
0
0
0
0
0
0
0
0
0
0
0
0
0
0
0
0.0623
0.2023
0.3891
0.6148
0.8716
1.1517
1.4552
1.7821
2.1323
2.5058
2.8949
3.2996
3.7276
4.1711
4.6303
5.105
5.5875
6.0855
6.5369
6.9182
7.2684
7.5952
7.8987
8.1866
8.4668
8.7314
8.9882
9.2294
9.4629
9.6886
9.9065
10.117
10.319
10.514
10.708
10.895
11.074
11.253
11.424
11.587
11.751
11.914
12.07
12.226
12.373
12.521
12.661
12.801
12.934
13.066
13.198
13.323
13.447
13.572
13.688
13.805
13.922
14.039
14.148
14.257
14.358
14.459
14.56
14.653
14.755
14.848
14.941
15.035
15.12
15.214
15.299
15.385
15.471
15.556
15.634
15.704
15.782
15.852
15.93
16
16.07
16.14
16.202
16.272
16.334
16.389
16.451
16.506
16.56
16.614
16.669
16.716
16.77
16.825
16.871
16.926
16.973
17.019
17.058
17.105
17.151
17.19
17.229
17.268
17.307
17.346
17.385
17.416
17.447
17.478
17.509
17.541
17.572
17.595
17.618
17.642
17.665
17.681
17.696
17.712
17.735
17.759
17.774
17.79
17.805
17.821
17.836
17.852
17.86
17.867
17.875
17.883
17.891
17.899
17.906
17.914
17.914
17.914
17.906
17.899
17.891
17.883
17.875
17.867
17.86
17.852
17.836
17.821
17.805
17.79
17.774
17.759
17.735
17.712
17.696
17.681
17.665
17.642
17.618
17.595
17.572
17.541
17.509
17.478
17.447
17.416
17.385
17.346
17.307
17.268
17.229
17.19
17.151
17.105
17.058
17.019
16.973
16.926
16.871
16.825
16.77
16.716
16.669
16.614
16.56
16.506
16.451
16.389
16.334
16.272
16.202
16.14
16.07
16
15.93
15.852
15.782
15.704
15.634
15.556
15.471
15.385
15.299
15.214
15.12
15.035
14.941
14.848
14.755
14.653
14.56
14.459
14.358
14.257
14.148
14.039
13.922
13.805
13.688
13.572
13.447
13.323
13.198
13.066
12.934
12.801
12.661
12.521
12.373
12.226
12.07
11.914
11.751
11.587
11.424
11.253
11.074
10.895
10.708
10.514
10.319
10.117
9.9065
9.6886
9.4629
9.2294
8.9882
8.7314
8.4668
8.1866
7.8987
7.5952
7.2684
6.9182
6.5369
6.0855
5.5875
5.105
4.6303
4.1711
3.7276
3.2996
2.8949
2.5058
2.1323
1.7821
1.4552
1.1517
0.8716
0.6148
0.3891
0.2023
0.0623
0
0
0
0
0
0
0
0
0
0
0
0
0
0
0
0
0
0
0
0
0
0
0
0
0
0
0
0
0
0
0
0
0
0
0
0
0
0
0
0
0
0
0
0
0
0
0
0
0
0
0
0
0
0
0
0
0
0
0
0
0
0
0
0
0
0
0
0
0
0
0
0
0
0
0
0
0
0
0
0
0
0
0
0
0
0
0
0
0
0
0
0
0
0
0
0
0
0
0
0
0
0
0
0
0
0
0
0
0
0
0
0
0
0
0
0
0
0
0
0
0
0
0
0
0
0
0
0
0
0
0
0
0
0
0
0
0
0
0
0
0
0
0
0
0
0
0
0
0
0
0
0
0
0
0
0
0
0
0
0
0
0
0
0
0
0
0
0
0
0
0
0
0
0
0
0
0
0
0
0
0
0
0
0
0
0
0
0
0
0
0
0
0
0
0
0
0
0
0
0
0
0
0
0
0
0
0
0
0
0
0
0
0
0
0
0
0
0
0
0
0
0
0
0
0
0
0
0
0
0
0
0
0
0
0
0
0
0
0
0
0
0
0
0
0
0
0
0
0
0
0
0
0
0
0
0
0
0
0
0
0
0
0
0
0
0
0
0
0
0
0
0
0
0
0
0
0
0
0
0
0
0
0
0
0
0
0
0
0
0
0
0
0
0
0
0
0
0
0
0
0
0
0
0
0
0
0
0
0
0
0
0
0
0
0
0
0
0
0
0
0
0
0
0
0
0
0
0
0
0
0
0
0
0
0
0
0
0
0
0
0
0
0
0
0
0
0
0
0
0
0
0
0
0
0
0
0
0
0
0
0
0
0
0
0
0
0
0
0
0
0
0
0
0
0
0
0
0
0
0
0
0
0
0
0
0
0
0
0
0
0
0
0
0
0
0
0
0
0
0
0
0
0
0
0
0
0
0
0
0
0
0
0
0
0
0
0
0
0
0
0
0
0
0
0
0
0
0
0
0
0
0
0
0
0
0
0
0
0
0
0
0
0
0
0
0
0
0
0
0
0
0
0
0
0
0
0
0
0
0
0
0
0
0
0
0
0
0
0
0
0
0
0
0
0
0
0
0
0
0
0
0
0
0
0
0
0
0
0
0
0
0
0
0
0
0
0
0
0
0
0
0
0
0
0
0
0
0
0
0
0
0
0
0
0
0
0
0
0
0
0
0
0
0
0
0
0
0
0
0
0
0
0
0
0
0
0
0
0
0
0
0
0
0
0
0
0
0
0
0
0
0
0
0
0
0
0
0
0
0
0
0
0
0
0
0
0
0
0
0
0
0
0
0
0
0
0
0
0
0
0
0
0
0
0
0
0
0
0
0
0
0
0
0
0
0
0
0
0
0
0
0
0
0
0
0
0
0
0
0
0
0
0
0
0
0
0
0
0
0
0
0
0
0
0
0
0
0
0
0
0
0
0
0
0
0
0
0
0
0
0
0
0
0
0
0
0
0
0
0
0
0
0
0
0
0
0
0
0
0
0
0
0
0
0
0
0
0
0
0
0
0
0
0
0
0
0
0
0
0
0
0
0
0
0
0
0
0
0
0
0
0
0
0
0
0
0
0
0
0
0
0
0
0
0
0
0
0
0
0
0
0
0
0
0
0
0
0
0
0
0
0
0
0
0
0
